-2.6719218546385246;2.2775303817980395
-0.6738101582009755;3.8255372475463183
-1.8794828710826492;2.559442176492702
-3.275509283115891;3.2965958904029216
-4.68768792108184;3.4201379880575633
-1.6250013645424959;2.935932394301649
0.4345150205490591;1.5188720219262393
-3.7231083303883366;1.9124775401326268
-2.2650311651127946;4.43958927759342
-2.8252404060786303;1.363309247957834
-1.343171754427437;2.064655794141311
-2.886362933595166;3.6914473039541487
-2.588731669904014;2.607633253286598
-2.098791518390342;2.1680971845315575
-1.2651560556126653;1.6554305111833254
-1.8488833996966534;4.1291081954554425
-4.902239699105898;3.107889377198717
-3.3065673109233416;2.6938810944331277
-2.718337178574121;3.5247442544535774
-3.78711253633859;3.419562407948017
-2.5962174765702133;2.450886598525269
-3.2853636551758036;3.7922443851386927
-4.055868247272022;3.4630772239825065
-5.415283889969292;1.8870951187003973
-4.0162951144899655;1.8388070091497284
-1.5717438007450142;3.0358552907589105
-3.399771631264024;2.752218326008172
-1.2982910007894146;4.877694535487773
-3.0024475300886224;2.5451700929902277
-1.6561593409728457;3.8965789968307236
-1.0815325398444453;3.1810292757294496
-2.271305268240351;3.4436126917750083
-4.004560846706772;3.8893650852160393
-6.628338217224313;2.9131745821925903
-2.6824825198200157;3.8782493070813886
-3.3603078797004375;1.472359100142925
-2.328584400781289;2.794377877735291
-2.125978703210969;2.4311198770298357
-2.79239609442673;2.842528744689497
-3.6536870258726784;3.3261935057463696
-1.4606651087376936;2.4356393433986634
-3.0741804565033264;4.373331951037688
-1.9473210165179318;2.4788108611436552
-2.3508685862960013;2.4965768368831363
-2.091456877622342;1.8404251664650666
-3.6024662334813837;2.939469252985286
-2.8249800274542687;3.447389734551402
-2.5772449332644203;2.3819656491342123
-5.004419559901022;2.3201490414807098
-3.8111160938542272;1.4712623991971647
-3.0510601080882096;1.6913697926957483
-2.001138213059723;3.7279610597055917
-3.1740682394627493;1.7249457571252929
-3.812129778074777;2.5964111599800743
0.18828527962388497;2.598140744355764
-1.8591543426094315;4.059112761928343
-2.7890692236555;4.205493384182188
-2.187449180423723;3.758512172073054
-3.664640788616227;2.5314869589972124
-3.647404966889763;4.838338979057168
-3.564700170040005;3.6649956161499273
-3.895034061944293;2.3246225355709726
-4.896112013697473;1.7991577837089692
-1.5064111333461574;6.746780788051133
-4.013886783544284;2.762702100801847
-3.6121408727248525;4.1239650980661935
-1.3800131860126201;2.148955893376253
-4.185612996480019;3.0990489075188377
-2.340861253328719;2.111334059121968
-3.3594798703731628;3.178330384188862
-2.36438915992322;3.276264218882549
-5.215019463883518;3.934692652424932
-1.1301783367272844;1.7296140456337308
-4.583285945311039;2.955272624696135
-2.3518343382696503;3.5699454683565657
-1.6811085818950047;4.475500572583576
-0.8414664274444577;3.214052719292212
-5.2311169039925165;2.9394242247156344
-3.525052568689746;4.036287663430532
-3.2471104117622294;4.103307194436159
-4.34833549101217;1.8420598512253774
-2.758111887026314;4.29860542912808
-2.175812403623298;3.4831266745133953
-1.4664141789812797;3.4968878174525435
-1.9237847054809527;0.8435287512929897
-3.834838662969555;3.511470371145277
-3.400792505976317;4.5772101808771986
-4.0893996808327895;4.139859709425744
-4.221220775101604;4.133943278055108
-2.546090238399163;1.410660232066354
0.8706859629415336;2.616296694852718
-2.5245949310337275;3.8580069061528626
-2.237857746855784;3.613116261083948
-2.824901962473056;5.279944652534976
-4.16864942058659;3.1764337633702224
-3.1596132524026164;1.6134323212597956
-3.0753067256110356;0.7190113690284727
-3.3366628173659523;0.8297975386512939
-2.934862172842809;2.897632479061532
-3.5171940789123584;3.773120834462393
-1.2754262860776107;2.8228921325843186
-2.490461284044314;4.369914360847534
-4.370858482580595;4.105219667162707
-4.103009601585481;1.3590060959745398
-1.2579361337770956;3.4267826185739922
-2.960840766726416;2.0943214179477936
-1.3567238411653622;3.1390046896678334
-3.249379683619686;4.948353008739352
-4.31213769127168;2.61936118838951
-3.033489156364951;3.5573544713685563
-2.5538729423089768;3.5572361205301783
-2.6229250277492047;1.8852272775606973
-2.1168487953404576;2.361852509954723
-3.9029167708581936;3.0865376186265454
-3.583062832283127;3.405468857303841
-3.293410454746128;2.7288220567752375
-2.8051747971064747;4.5432105802835245
-3.6775816513037087;2.1383954058713712
-4.914196376763766;3.0933296368202727
-2.434534852391198;4.058595550147047
-1.6931307797814215;3.360399689891261
-2.873835005670435;2.602773349973554
-3.8743327413637907;3.5897170961747924
-4.335730827920634;1.5986039655613136
-3.905147772687252;4.896241696940393
-4.984855661280174;2.1197748355688004
-2.027188265466832;2.721020781265173
-3.3219857350702617;4.247632040090288
-2.5037767283155854;2.6836951442808976
-0.18875105258456815;5.036174015424319
-2.433707261811262;2.254962950631448
-4.417341017907814;1.7149847407684191
-1.0763360584372281;4.229743540478877
-2.399495059327667;3.097759387908569
-2.3292976728127384;0.34357219822968466
-1.7497431220449928;1.4704966088632305
-3.7214115627468427;3.507166790720074
-2.2008801266195457;1.5353860301649764
-3.245169688947989;1.6614344890392414
-3.013146945988844;1.2241347763755273
-4.514206445341216;3.326734869365456
-2.849052708497967;4.097848475729987
-0.7433821955555286;1.8220790720688393
-5.649193516767104;1.829682302288728
0.4385847338131099;3.9602523948184625
-4.421840911058416;2.5929810018388193
-1.712256193499156;2.104681234717953
-4.316796659185123;1.2842500218910389
-3.7175167475913176;1.5905089655539189
-2.619381631319919;2.8814573559530396
-1.4975042729857297;3.90420906339007
-3.916402098838097;3.672710482884537
-2.59974009764931;3.9697202812659382
-4.0367602624198815;3.5372022211572034
-5.784549440197248;3.7092956715914522
-3.533741211358375;2.2353569269040334
-7.528566158512174;2.41901834818656
-2.3380833642055525;2.384531900284394
-2.241099707092884;1.9003602732687832
-3.183958114483833;3.8548586149442468
-2.9814318987082538;4.4941629037668145
-4.091845378827263;1.9762462626794903
-3.7572642096556788;3.92880341577181
-3.5260541308310165;4.14967594694743
-1.2200486287185777;3.4102270708212883
-4.060983940761229;2.936072326184681
-3.1571829086188012;2.618538035990124
-2.763213878159313;3.9393640741656135
-5.134874931493252;3.3910177060327347
-3.3426923860584425;3.8415591039823394
-1.3374149415801475;2.3811030749375117
-0.886433952237347;3.1839775294231263
-3.990438753610617;3.6654349378858475
-3.8664034655629025;2.2481481680494766
-0.42016348627839584;3.1864417987256997
-3.9679425496138387;3.564986076708628
-2.961800487753838;5.000805283704003
-1.2407872744829826;3.352615298548004
-0.24355433803274984;3.5263700975994317
-2.64151199324968;4.369037670401243
-1.434047471719205;2.2333521652022705
-2.857336557765022;2.417030500495582
-1.9946840791590053;2.2907465077097386
-2.300769918863696;2.8026808016014373
-5.045003914422278;3.7286306510363847
-3.728356766599879;3.293063427092998
-1.5474000720047991;3.8803701973543556
-1.8016218981956518;2.818528281481666
-2.8937895588664757;1.2616725375721913
-2.990736046999421;2.025989669321448
-2.4373995358330696;0.6236911482716274
-5.004413121283954;2.9187678503511925
-4.291619891957303;3.3948666015105857
-3.166302402359476;2.9351395517440078
-1.3501024351808557;1.6099072550784854
-1.8473703711469174;3.0508754218920147
-2.4991973319531464;2.157283891620399
-3.6765765333577134;3.6706577181818068
-3.038740517283891;5.2099814624383285
-2.179013259009735;0.8193659274876688
-3.7565487042226957;3.9357081279904023
-3.5283408029500833;2.38495448771984
-4.4582455243536865;2.591465282325563
-2.180031765843373;2.2013013443759233
-3.77247494812751;3.9268208894294396
-2.8326994025206576;2.764667088995697
-2.182261757517237;3.450743846332824
-1.452753224211412;1.9047983421487285
-4.191694143873992;3.694736211089584
-2.4891681048509664;2.0005187315911956
-4.396990757833162;3.183914105666109
-2.070324076274188;3.799201591713012
-5.03023059889515;3.6549969402393887
-3.467307587785484;1.8619753429414896
-6.320748863868924;1.6825808764190102
-3.1089638716517976;3.642399068592145
-0.1354184627295938;3.219406298987098
-1.3404075388275944;2.4810373020938967
-3.4754059243924447;2.3743436366912567
-1.2180962167605036;3.0538401993964044
-2.245357778708597;3.644642563345135
-3.337543051972359;2.4342436508387473
-3.727841758186607;3.774273650237234
-0.8596516655322963;1.9901808709328284
-0.8803843199252035;2.4746781225478185
0.31787874668138194;5.161683506612659
-2.179630441810236;4.437797893346942
-2.8860985214969106;4.350801611908154
-3.3996124044965437;3.02857310522721
-0.6863594496643222;3.431140112654083
-4.466729139357332;2.3175112187768496
-5.0315279553759495;2.1839515429741514
-4.581466324065161;1.348977860709023
-2.614089139389288;4.86908246045599
-3.191401556737698;4.142278209268532
-3.307960269629313;4.089233626689838
-2.525489991930778;3.0297103675191632
-3.355382592838507;1.571211039450602
-4.153869083413966;3.5073003740207223
-2.172358122818571;1.9087462404796907
-4.088421688345127;2.707853376531362
-1.9998654757692955;4.9648248011490255
-2.2392503620744293;3.5004070490525665
-2.5179728992839863;2.309454752137266
-3.784890322244398;3.7337681474541444
-2.196505183563347;4.032320365303004
-1.3955051554995268;3.717342865648909
-3.6481554830021494;3.8363923572086422
-2.51219059424405;4.107806607118796
-3.1925473569993392;2.7812502534838894
-3.7180346990737476;2.8239345325664122
-0.6637492633616322;2.9641279799072016
-5.950050802165858;1.9799518045164508
-2.9252154740609106;3.526650543279411
-0.07803156261491706;3.417840782694894
-4.437039214873417;3.418660838283683
-2.3934164488950316;3.0845239288665183
-4.080658074870813;3.908437118349186
-2.521236777449054;4.409377395476197
-2.7722010008698867;4.396222416344067
-2.5725065571084733;2.949818461362757
-4.672691163416153;1.4687833530272105
-5.135021633778792;1.8534349414741582
-1.4944234312412032;2.0297279624695497
-3.540921193176456;2.6504688625681436
-0.7836938666127184;1.258766172132136
-0.06128517825882085;3.5848056740828564
-4.508948449226173;1.4484885423529332
-4.186798601537775;3.435009415936791
-2.863608403424058;3.3741214527244776
-2.66039171169957;2.6682179417302216
-4.000750192123981;3.175741307949984
-1.3006942044347907;1.5478949309085879
-3.8681589805488157;2.9614800838005735
-3.4033805747330623;4.5952958949483325
-5.244167843812733;1.1998864021965958
-3.083611687591622;2.5003847386481532
-4.809291693045742;3.5596178348911707
-3.7505371554584768;4.562447641344216
-0.3173793677508243;3.58850889519912
-4.0289226106464175;3.3252115566069977
-3.3356662176960645;3.5168353583355074
-3.1629567916674364;2.9402037654680866
-4.357119643273544;1.9063777271967153
-1.2987404703984902;3.384435457726491
-1.9728825784560413;3.3188243886825415
-4.314222166197791;1.8400147596328271
-2.3366173375614068;1.5526296912164574
-3.2473238753972398;3.65870116839649
-1.4731379167577991;1.9051800863660866
-0.7305753287572583;2.836432381287628
-2.0058413440416714;2.796940128804501
-1.2432931458218757;2.611117001312356
-1.8530707033795137;2.898080897969143
-0.7005746532397334;2.442225601461215
-5.8716319819438665;1.2070425094379569
-1.4541914056024592;3.921250786960211
-2.658156328971679;1.6011237231416273
-3.637332079732322;3.014585517064939
-2.1032517547441145;1.8487038780404423
-1.4830411110524466;1.97491724045803
-2.9934185012644954;4.0200943910402405
-1.9877839418354588;3.707307025882504
-3.472703092238067;3.4948498342937286
-1.5308169171970285;4.449597395398058
-5.849088920518698;2.540132434182402
-1.5421790658117756;4.155475259094683
-0.705660623555417;3.362198388721389
-1.2234870844869865;1.2114738669298728
-2.5985100405416093;4.992593100177267
-2.68259177564837;3.5544456099771464
-3.7046382126806203;1.5072816671934506
-3.1667443660157946;2.046064932766914
-2.382341882602672;3.5984477197933367
-0.3217390059624141;2.3924078237494557
-4.096060826664466;4.146991243689756
-5.468594937513714;3.931956419480022
-3.1633176559562712;2.45891342560354
-2.1869696283184608;3.185833781993632
-2.4483194502668653;2.2767674768249506
-2.179407728506039;2.66023016694631
-1.6026081769645089;2.7392900516336844
-3.8762677519049955;5.7210261943250735
-3.0051255387896636;3.870281939877853
-3.48907668297258;1.2368470323371288
-1.4600875279558458;2.335132453875849
-4.032471409347435;2.1956923622740683
-1.4392542341327754;3.7980630176056374
-5.1194997851934625;4.457986779272727
-4.01176236312561;2.5118339448181635
-3.7653020508224855;2.3424616070786803
-4.9743992024371195;3.4044985457940022
-2.6847843083008054;2.641320377693574
0.6729322560312339;2.894406014159626
-0.5437213790328297;2.968966872843701
-0.9722889651116238;2.145347454110345
-2.3864657045760715;4.889469285170188
-3.317572118287855;1.165110645198446
-4.4100255604252805;2.275933022208977
-3.179646955714884;3.104843645198255
-2.416886607297412;2.856590859365579
-1.871442306303597;5.287549517769564
-3.273346891410432;1.5164698610913532
-2.600557852071567;2.082874034490624
-2.9787109458842362;3.026535204925503
-2.700470222970739;2.476996327450652
-1.5012323696375494;2.9911427623095226
-2.7509514523886365;1.4123675122610522
-3.137580114888076;2.148471626160262
-4.26517822173958;3.037650838195916
-0.40991431414180557;2.9828316293405868
-2.4253472213926504;1.9641081824586393
-1.5237029451387472;1.427666035402002
-1.2592567290769372;4.7591639625301
-1.0636165540075453;2.5591024808520526
-1.2377001404187544;4.123799485186243
-3.924006261957396;2.6002700143889874
-5.036608941775204;2.9000052331458974
-3.183825947623863;2.5196999703840817
-2.62689449305879;4.049761305399647
-1.7778657201216161;1.768182767165414
-2.4216987021283565;3.800837593865369
-3.6305645382332754;3.918656093271113
-2.136368186234452;4.360597546190647
-0.8219806325104431;3.4956969997844602
-1.9153202766376423;3.354337450476704
-5.411850571678569;3.8160826554580844
-0.8950705775798449;1.6708445328211292
-3.6218133746194074;2.5370816746256275
-2.1861103389122345;2.635685303900735
-4.232676671825086;2.3828166754087174
-3.0453939843268643;2.754674755990822
-3.3968389226652116;1.6258666230184025
-2.442582298015318;2.218874062685831
-3.8429140179787424;3.8024294998641084
-4.226926106119911;2.7516885538398683
-1.9657065172484096;4.489912537058197
-0.011803628574025726;5.280850819174912
-5.038919147996511;4.727632499179875
-2.0922112643837036;4.120301371463311
-2.067552138787778;3.835074887206863
-2.8175891512436664;4.5164562960532635
-3.015495442840863;2.529033734637894
-1.3337575774923038;3.6005688048018163
-3.3910146288235583;2.8481700622018176
-2.089791502189189;1.8799564195106946
-2.7474239821295203;1.9363569104715204
-3.3549653651903224;2.1694136990157
0.46093025589787295;3.1044565064211
-4.131456452159101;2.896980755121903
-2.2956277976123225;3.309685526054178
-3.1865815560850463;2.8620320966845205
-2.292446063286686;4.791791227329799
-3.0586698839946647;4.832657982689946
-2.0866217153085067;5.142226929497012
-2.370315688812548;4.242466492497921
-2.524480455664665;0.3367120986088614
-2.6416567671788282;2.243620011491016
-4.770401519764201;2.8279367810967577
-2.670986661222703;2.436588702865211
-3.280795319193567;2.649037895459107
-3.9924987867094295;4.6626896749229925
-4.8117953793458454;3.2965730042001793
-3.793883733172062;3.025888937540558
-1.5534503078773718;3.346042419633321
-1.637378250364541;4.170974146862619
-3.34806967743349;1.3531281396182713
-3.6264976814650627;2.9909511447234
-1.047506146816592;3.3990196292531802
-2.397718357899956;1.6846457409938196
-1.7348132108429017;2.739616146357532
-3.7854114275330586;3.481691899970108
-3.32077507033722;2.720989785320081
-4.594230284432383;3.212564527404037
-3.976251432282883;3.489814781045943
-3.6508450870623648;1.0197719564788985
-1.7556669996108878;2.748086734123694
-4.92304367438566;4.523226767325501
-4.867553991824456;3.9805691143761694
-3.7897824469938626;2.0017989234867715
-2.6232464063975676;3.8457432863875445
-3.6947076137347583;3.8037585508619784
-0.9811656287298591;3.064416512910981
-3.843518232176197;2.0161703878780823
-2.7672901770195804;2.934723184646123
-3.07897880749507;2.3799844855045027
-4.610790937544539;5.419456736255421
-3.9653912688279966;3.2745309383268095
-2.8090521730176463;2.31119661734882
-3.5652703716870113;1.4914212708617605
-1.9804062741972213;3.923955251634772
-1.6505890662613634;2.2317351102202605
-6.446130846358992;1.721818338952538
-0.21111933632389013;3.4522802992015675
-1.480659896688998;2.2024113197582427
-2.7032576604802134;3.1005283430114727
-2.0043820575726654;3.5358191020067538
-3.5519665628269896;1.7794887892567235
-1.6294175095643706;2.122623811617648
-2.8795405457789083;3.4546473328709184
-1.6701264952743133;3.182034085834286
-3.782213039653274;2.2569852043238896
-2.336468755017812;3.546260755173256
-2.6570299225207417;3.2759101454331168
-3.563656614948812;2.7350604772853226
-6.833819576281073;1.9904602876887452
-4.251019484289456;3.123460365271527
-3.8754385304382835;2.323815724193465
-2.9703002899201865;3.7218129760672563
-4.049400386613524;3.74219714240807
-3.522228342564094;1.9392150068871155
-2.641672783074004;5.427604440743407
-1.5724239509865288;3.116024148666488
-3.5841083479586455;3.340156262824715
-2.1854834355892847;2.574016031853382
-0.5809469262736373;2.1847984145872097
-3.4080641361097177;2.5614020809203195
-2.1719471600880302;1.3591031045782964
-4.23864034709315;2.4887517484511594
-4.058709455773739;2.2372083251971056
-1.6680749234351255;2.3954249006914017
-5.200897175739602;3.0732853825081605
-3.087986735765483;3.2704502442826717
-3.7879057034673376;2.903950245470537
-4.667935369602985;2.0589834703143435
-2.360100898420532;3.458248153613842
-1.987004393362422;2.158567768925087
-2.343886035046655;2.9854964216907294
-2.256341826051424;5.273684806136126
-3.737302367631989;4.5221915930747665
-4.772614438566965;1.1827719011219664
-1.1182595036500327;2.6323866205276345
-5.016790187232559;2.2727225911845377
-1.7844260726994816;3.0717446706544616
-3.1415300825932766;2.7634464983594498
-7.748019767365071;2.0516688968842227
-1.6220266557274778;4.311317396450768
-2.5863277424865436;3.100084162425513
-3.343919859496911;3.3903450476922066
-1.2625883265765865;2.3592228169378107
-4.1134183011192995;4.137384863681031
-2.897833543039144;2.723378675439612
-4.20505007032931;2.7406274153852057
-2.7998470276819822;4.679413777711659
-1.4225318921706356;2.7446861643256155
-1.8644624737816553;1.2855291043702346
-4.676532384984487;3.8611443165767207
-3.775166323213228;2.85813671533023
-2.5919620111156343;3.0670279750405354
-2.3018444171991277;0.9740690291443719
-2.7077089113565;3.231957325333685
-2.943586067899726;4.184017227794563
-2.684270731633011;1.4378174408026605
-3.002428609921703;4.2562596055515245
-1.2328765399545303;3.256592420734371
-1.9225818461447413;2.6439842021881845
-0.7933065043794629;2.9325782261828994
-3.410612483186031;4.307570073004357
-2.375736791689512;2.0077900862666844
-1.936119606494887;4.035347403332301
