-2.852306504475934;3.796352662326624
-2.828051433394901;3.8940673660166976
-3.559467935094822;3.6083808486725126
-1.7631919626169352;2.365708828730556
-4.117521555308508;4.7502911798506435
-3.232567172264258;2.8334185445720577
-2.2446110225906866;3.880178782287314
-4.553208047456591;3.135097459996907
-3.6750217346347034;1.9079354163260371
-4.45485956053346;2.815034868806926
-0.28002449924576656;3.7844417744619507
-2.686255807180187;3.222161451835198
-4.074022128242409;4.935006711832627
-3.064912194008517;2.2190784168219553
-3.5127256289715802;4.212853238751054
-4.459659928218032;3.9818539840378886
-3.100145966842864;1.6402006238595253
-4.670113099401108;2.5062449098809836
-5.956347083992298;3.578229945773254
-1.696738340051027;4.009434554054865
-8.231128538865118;5.386641644952238
-4.196720859645783;3.644250177781484
-2.6965540310389637;3.068515861270907
-5.067390108228025;2.788745499903594
-3.565036256098667;2.164791957805708
-4.51962406102078;1.1340043170428757
0.2835041653472552;1.542264331386976
-4.749317690502806;3.3210276431148893
-3.3354878444286653;2.6161529895199074
-5.130965158550243;3.7303048695606806
-6.63043003967419;2.5828509706332143
-4.8288786405965745;3.64598351120506
-2.2675210733103133;4.5548408007481935
-2.480870406128182;2.015452091628
-3.4476965158801476;3.1867916522985906
-1.6893114902986806;4.086617194612364
-3.89652821766457;3.4207613368144525
-3.50565255367101;2.7490324560087926
-3.0269123285525708;4.27646610022891
-2.3971553450284144;3.137908818893508
-4.588813121622836;2.3827819819220437
-4.713190716353842;3.569810971445593
-4.111507920008201;3.0427673250447085
-0.21141057812261632;1.6755626217420567
-3.0170414623548107;3.4695356889413302
-2.5610568319281777;2.130531229701522
-2.662095716241884;2.318996846883357
-1.1391390894248121;3.3466309233083984
-2.8014786467255743;2.3127915542376907
-3.071612835539628;2.188148620364583
-3.4151561100421497;4.265150180433659
-1.8870144773360782;3.2518429917808254
-3.5316141480397114;1.8815711211096215
-4.239940506434275;2.1018500577871406
-5.44300829862726;4.70645658375848
-4.529074098617205;3.0408916890457394
-4.2932040785005245;3.256546298731073
-2.8836230085628443;3.92487419746809
-2.943997229875226;3.222984458747774
-2.7089496621268356;2.2973993799152392
-1.9367943505605565;2.2019024768175077
-3.4790251594212886;2.1997739960935965
-4.339884207757548;1.0832360896168063
-3.005307785080894;3.1789768702242815
-4.04237400831218;2.664732592765586
-3.4499153981293187;4.418002515676277
-2.826981957691502;3.187912029652618
-1.7907546579044804;2.78452309017253
-1.6773343374883716;2.0201724133800254
-2.9609298674450883;4.442607110484793
-3.364788383658003;1.9342168444207806
-3.8739717546743524;3.2938106791799893
-2.496493123853364;2.808022124024889
-2.338860580622961;0.8455095147866425
-3.1151162882647023;1.750990748203799
-0.21780401207594702;3.2895591651337406
-3.8933529771633664;2.2871481622601357
-3.7116547063885172;3.1198839531618328
-1.7371936066394638;2.1135675956659523
-2.183693273569183;3.2263474227897433
-3.533011057336412;3.401913351851566
-1.2894437386732776;3.796484921110347
-3.643371357578663;4.669991907338052
-1.9176716134456586;3.1014000774484396
-2.547755356367479;2.017843285788094
-2.7184476408974523;1.696985826371001
-3.3272068813803504;4.127133730105614
-3.850312448529293;4.192474420138671
-2.6437740805903007;4.1150157527900095
-4.978551802857254;3.2448121021284866
-4.969497510551662;3.6344546932081387
-3.481816379985122;3.1209146685622233
-1.9474807836094186;2.101919240867016
-3.5530965798651533;2.901405517480853
-0.6399638872717142;2.93694144306298
-3.151096098003344;5.611081516733359
-1.9330484991463666;-0.008691590198558696
-4.253718235743652;3.3655293029324564
-2.5999174197517387;2.353888987869601
-3.1696943612031787;3.304293534375884
-2.1883810020559937;3.3654056541422355
-1.053292287417179;3.70019140494552
-4.063874553411139;1.4269041785170604
-2.1011081497173425;3.140458902851661
-3.8834665768668066;4.3182869548207865
-4.484786388591726;4.007762320434581
-4.531321205475505;4.763080641562849
-3.3116116622740623;2.763882338371769
-5.073570174101168;2.2954202557618633
-3.6554154984603566;3.0174530084366777
-3.0209427159641873;2.4059180973228727
-2.5154956502884738;2.9718363450752645
-3.019112718030844;4.831582291010929
-3.6526939234943185;4.446135323006453
-4.117491990260025;1.8448481356854614
-3.3569255358077905;4.841857039865266
-3.689282403039523;2.32102276938002
-1.7510812028669653;4.144521573319553
-3.9390657243148173;2.59646532109689
-4.054233393550494;1.4193454227238023
-5.2999186652779;2.679183967346425
-4.354207268891656;3.652144012752552
-3.975999859749457;4.056252780868043
-1.9994683096243586;3.3190617017960493
-1.5568637151952294;2.328711823887873
-5.618763529038237;3.7529501359101554
-2.5876970661470966;2.6704668777422746
-4.308186140502471;3.029758540493276
-1.9786674121143015;2.8939128809612655
-4.440258639848038;2.923791415441408
-3.1807661461027874;1.8404167337782271
-1.566959494860039;1.6688842937115005
-1.7948356501961387;1.4988081013609769
-3.6717419819709045;2.3918839795323317
-3.2038880611769236;3.233562636033329
-3.0710062491832284;2.515412614198408
-0.3361211878121648;2.9738004495352524
-2.752111828549994;2.189839897443913
-3.7462503251739414;1.5985801767157115
-3.5346130471403536;2.358114465867242
-4.167051771261386;2.6433940230346056
-3.5924084815984685;1.7273068710378254
-2.3157638418737965;3.8147700838817307
-3.585148423228169;4.375165206323269
-0.5406968511147334;2.5422557390773033
-4.052702852095493;4.013233389324862
-2.6369649699381257;2.0755616727208075
-3.4480392646134885;3.84660459736187
-5.196447757726608;3.1420477013267734
-4.647910642612416;3.499176009943433
-2.768857437526647;3.067544004186995
-2.6045954243649865;3.0117632680653825
-3.5368978291318856;2.491408448401476
-1.8781544536683585;3.9089675159961215
-3.7513666602966067;4.234195574119299
-1.0122106876471553;2.800376585469313
-2.6936576466644424;4.135571900404769
-4.218300158494376;1.9657685665707572
-3.4929259597290736;3.9088106503324123
-2.71863910661361;4.4655143123618455
-4.381005009730496;4.43778773621401
-3.736069819824369;1.1059440653346724
-1.4778187802131622;3.19614075758023
-4.215409260489514;3.717520067992264
-2.704198848274992;2.9558525478048576
-1.5903960365931127;4.301781882339985
-5.4109678555836105;4.390658324445493
-3.1616979928009563;2.758070090466347
-1.0117655226976419;1.5593088739719816
-3.302962390950651;2.3848146307363245
-4.57120866786777;3.4831972025266764
-1.935723836945905;3.747599892077654
-5.327863844520263;4.441605046386744
-2.2059951803851567;2.3680637117363754
-1.3416238645780014;2.5892693109748635
-4.080927739140171;4.326236066238242
-1.9231741892258893;2.6735507893670096
-4.7320180023142475;1.7712679612251219
-6.927891064126818;2.7111834640241756
-2.0981419268735664;3.0752211051920817
-0.47813603661655435;3.7226553583341158
-3.9664492022117246;3.326097567295114
-2.304017080750026;5.064982104897691
-3.33806556864185;1.1228031259584936
-2.3725350362105457;3.9464989580507934
-3.0540618215845594;1.4994585190166982
-2.4173800021772025;4.1208287210422245
-3.5750819309016495;4.711560099328159
-3.9485371927712265;3.308861348629345
-2.8585101985073096;2.5754587705281042
-2.7680932618617717;4.319834150040039
-4.8714439070341236;5.164337384246756
-4.392121046483261;3.2401240895604304
-4.323151302788664;2.9319382073196234
-5.228450218909972;1.4160219777665342
-2.2072737938759257;3.757757340118747
-3.0434607914724032;5.5600096449617595
-5.553943138683646;3.3545019062292702
-1.5342157621755705;3.645637627207381
-1.1108108866802124;2.0385108944957215
-3.178257446941792;1.916334308818927
-4.299761711877689;1.7395604246245617
-0.42824428638019096;4.189718989964517
-4.400765129444069;3.9096564965295073
-4.599658798191975;5.667058582502058
-2.2985824447231886;2.7772616700060477
-2.828516336248746;4.296509100880835
-1.5161740961069035;2.962188002588834
-0.19030119907812937;4.197616599301714
-5.975109857547219;2.4360203389205037
-2.735971436264238;2.892642432037904
-3.15154853234139;2.2805705702727885
-4.1229471153467605;2.6892955709090787
-2.8366609920043193;4.52706491222227
-1.4791555930194815;1.9000559354753686
-3.199710739326326;3.9540030142156812
-2.4367385189572586;5.145252977732397
-3.066928346631646;3.3374266813640534
-2.923773959446059;3.0151841981925247
-4.549618476418399;2.0057126288212603
-2.345970568030852;2.458531936604631
-1.0359415637682694;1.5771796541383614
-4.225324084001555;3.1205835838062463
-3.818685901035964;3.8852797700212998
-2.3265132725885254;2.3077618911816318
-2.4170792591545798;1.5100083476254842
-4.545226203505857;3.038555621520717
-2.482833586323573;3.0869777825119225
-2.5484778703352418;3.862923366957739
-3.6526589476053286;3.354289434084463
0.20925082364433578;2.486295727985966
-2.997406387064042;1.8156336215533506
-0.01646418977307862;3.1074089311485036
-1.7135764631330774;2.7674947101938754
-3.408252885203634;3.03118287277507
-2.9179887641210374;3.8907754008007167
-1.5526138570129697;2.273752423694053
-4.862224547800947;5.736665165239458
-3.706348132935622;4.609026545135662
-4.69531313057814;3.3387198440430397
-3.0281980962660913;4.209067899798404
-2.5439253700020696;1.072519433936865
-3.337789980483838;3.438275140147902
-4.575440808608542;3.808567109262205
-2.2492310476266764;4.153940712784962
-5.386076550794046;2.0880684124716256
-2.3379964569763074;2.4047318456547764
-2.899156397553672;2.8692336805594865
-1.207822296455505;1.6649664385492007
-3.194314103278339;2.3814963510157665
-2.5516848928947047;2.1953206213308283
-5.314029784933606;4.769271803316311
-1.136903115981726;3.255414619595723
-3.123897671746227;3.0843242784179496
-2.2345569198191026;3.7677809379491913
-2.9369672099630386;4.063720765466344
-2.735541989378314;1.9210751472044973
-5.162093812482742;2.333550226263213
-3.824771925437576;3.323995450632073
-4.491323958335927;4.783457039976685
-1.3818870122739284;2.7302151817081115
-5.9723398354225345;1.152031433869776
-3.8677613983572696;3.2446542446894315
-4.498054924095772;2.182442618643598
-3.5387742627345755;0.8846215763618472
-4.432364646241784;1.6680293846099012
-1.3424765640205805;2.5921072815410957
-3.880609116392699;4.4155947053210856
-0.21282314531896507;2.7184484663276476
-2.3088873532227496;3.103914896071666
-1.2451905493750555;1.536291037940612
-6.874654757987138;3.884126760298527
-2.9849390423586994;3.679241134093595
-1.552304872778706;2.1661207885232594
-2.1028844251104486;2.414086870044925
-4.297522020950828;2.579235892480366
-2.5491379068634004;3.7768716403507834
-3.753249479793128;3.7460076753053997
-3.123688737962828;3.587395466720251
-1.4938886352195446;3.0509416764690993
-2.5152708424489734;1.7323987455589915
-2.9691550707783265;2.513808354577546
-0.4633133046480995;3.155346493876793
-3.104690949513465;3.0462461712738143
-4.380961001674687;4.494222158443216
-2.7305629151789534;3.9326511819346153
-1.788382115262705;1.6589425920437073
-4.058948664135426;3.979595666916143
-1.4662882112097948;3.208546458419754
-2.5478442677813042;3.7827860611421196
-2.33182855946825;2.508071868118016
-4.347980221374058;2.493984304736464
-2.121706837064937;3.5136588287313897
-3.2378408085087482;2.667490878952137
-2.644474704019995;2.705604195324651
-6.581607338445899;1.8232728141415397
-2.1650336460519197;3.597721591164835
-1.8598055486913352;4.6826855045804185
-3.240597533969086;2.405735505402966
-1.4708602542862197;3.672629422455548
-1.2149710299045977;1.9659410459164128
-3.1077710928910527;3.269628966253506
-4.340795812075345;1.4324092694695643
-2.713566869356441;3.0910185332424573
-5.279168587949307;4.216081454993878
-0.8424401426310011;3.3504967551257954
0.18468144242523765;2.8874603242173644
-4.985012850296426;4.063633393754536
-1.709930965758985;1.1052674457603686
-4.029430412964015;2.5875461062745377
-4.604472655449384;4.319060312230574
-3.224639406514103;1.6942432390082978
-3.8159235850933797;1.867709655668117
-2.440334946151239;2.909598961387327
-2.5084505644272004;2.500928675957032
-3.7512189026849887;2.008909472523822
-2.955100521654784;0.7688968129240119
-1.2829795797252097;1.2833825082331458
-2.784496680981447;1.2901734944960548
-3.4039757364142096;1.0762814221352044
-1.5884397895955262;-0.08084090156678725
-3.930944269111741;3.0795345846727886
-4.610432090305996;3.9152835479246018
-2.883222909747955;2.7169133861302095
-2.534087227638055;1.9208810394850886
-6.071761147791809;2.4038014910775396
-5.674836080043482;2.736888684984605
-3.7393610068792538;2.368101368917851
-2.821635594963007;4.615283427021269
-2.2967999152233736;3.8404529637822398
-4.292836944014201;3.507269668388663
-3.70806442185069;4.372201693461105
-0.16858008023079307;4.891825711384797
-0.4124560552517149;2.692951914779616
-2.6953060930201698;0.21707646276316206
-2.179190538839716;2.7758502005748023
-2.436262628871328;2.719576675868961
-2.4074807577203323;2.117589046851836
-4.090170376254267;1.670075407342572
-1.7827995372355265;2.6473344545348794
-5.250735968408733;0.5020320074695714
-2.0347999958103458;2.0091434875658503
-2.654218725198359;2.721190055408169
-3.5503648061572055;3.4242953267046783
-5.6842580236837055;2.8385954990846067
-1.5106026063437294;3.6113750427334446
-1.0303218561855287;2.733716012570623
-0.9037377717939612;3.5766203613800016
-1.7688151888177361;1.8072041805160182
-2.4865733439665845;3.6259611926706845
-3.5326349390968796;2.9615382959007444
-0.5050712250283054;2.1071817574155522
-2.6729744279765058;2.069073199685401
-2.70103463104944;3.024867488313571
-1.9969643671684556;1.074034191141042
-1.2060461015345612;3.848311240195588
-2.2747146773990554;3.8357568523563965
-3.4001955370685706;2.2046393189729345
-4.229866973066804;1.9987913374160298
-3.7839852683497464;3.3167328527577995
-5.565700283286494;2.93565740790382
-4.417753099582826;3.4414582642242912
-3.9662466900117397;3.4128166865000984
-4.678850982387169;2.6813065445934954
-2.295087604477752;3.187109256070388
-4.478803461368536;3.5924290033323887
-3.9520121495623983;3.7563178279475697
-1.57387750385302;2.7762060377537923
-5.3652384654809815;3.366570900738494
-0.4546725088461496;3.3980698384409815
-0.4779344859988055;4.417290057234179
-3.110346369549801;2.329211697541432
-2.889067203417537;1.580860106830921
-4.561838042637323;2.0715365314867453
-0.7208723224187321;2.342907374494359
-3.2314706114569978;4.603573313431452
-3.9656123754373165;3.1844602948150467
-2.7577370439286146;3.902775327299469
-5.710413203514397;2.467797742529879
-4.122439858044192;2.7221200627719524
-2.1760908013844715;2.965507516180096
-0.30697681241844244;3.809862050190185
-2.9947539925376585;2.017759269024545
-1.3706100363905855;3.5013655361593115
-4.732104975866639;2.9332468526240567
-3.222653237274918;1.8361819571218867
-3.4589006932858295;4.723361341459182
-2.0545441661755754;2.0594537342510404
-3.3783114690026164;4.719009775455164
-5.993171910348412;2.633453024333134
-2.6706193442389443;3.2643355841538653
-0.5445457349300851;1.6610840421608197
-2.489415438072615;3.7053545208746907
-3.1871070716950545;3.059621683557376
-4.786693255840045;3.030768706147828
-3.6537965729605;-0.10094465498317895
-3.8704104644817074;1.990513342432742
-2.3676375288044316;2.1231926163553747
-4.274498751634181;5.228425836571809
-2.966556096013612;3.233592511630232
-3.247555997324909;2.8728497829306647
-4.116331780794834;2.6135439160703413
-3.0680603186719058;1.2737497742129915
-2.5925560426778267;2.3336898497058067
-2.0645856313617097;2.8971769314931057
-7.110182632368682;5.2015410339074695
-0.4609046751965806;3.584998241154771
-3.688303080995292;3.4555568634745315
-3.6856365315626243;3.0957402804122225
-1.2233605983422333;3.9642388109347877
-2.3172780061513087;0.4077131539673551
-3.907460750128934;3.042019535414214
-4.5399894325572525;3.170909395779499
-2.2884640770510183;0.7992604009357867
-1.170649384219976;2.8822959102589434
-3.106092200673069;2.1625245234901835
-1.6653804156836352;3.933049756468375
-1.1959015945139333;2.6375453493156606
-3.475358450989777;4.046310208029828
-5.684882951143019;4.161427105035359
-4.326483915475808;0.9557319742394617
-2.747492132328661;4.003146696211993
-3.239564678458178;1.3459094013402921
-5.586188428702155;3.280583157546805
-0.9733127686871561;3.078865561505266
-2.82527494460966;3.0707480622733714
-6.019512596051059;3.30519243083437
-2.214221353482267;3.1301308814337636
-1.913454570764955;3.1621834985939277
-2.9097844051923483;3.8148344268265917
-2.3708963998391064;3.356209844579872
-2.9146160362501488;3.3803970352554242
-1.6543073171468723;0.7681325086764756
-3.3478717440083763;4.018112109673985
-5.916696983185871;3.4750381529698124
-2.018222148433897;2.6899325375617122
-2.7709511220279506;4.120134623681625
-2.777440994805531;4.456019553633346
-2.9514972179515757;1.5650774300569168
-2.266707259568231;1.6245478773542406
-2.448932564567052;3.741073458421067
-2.9488177012465293;3.0936999322334375
-4.563567488907541;2.470912477281023
-3.166828758269755;3.7261166789948303
-6.340170044496013;3.4765487322141007
-3.1430788843094017;2.822295956258315
-1.6157660470085389;3.566781724550215
-1.173780939061054;3.1243797903594204
-4.186171424468947;3.578613443760967
-4.301805031277827;3.293317969780265
-4.3816831013282656;3.262060715069047
-3.5154695320541465;4.05481018158359
-5.094664910863181;-0.05883365748231917
-2.418585737952448;3.058682102982438
-1.3704163503684466;1.1931503435815325
-3.035010212472433;3.257758559408588
-2.3042309261661416;2.786178485250881
-0.9702986492985852;2.923465523672997
-1.9168619963413702;2.955681002421958
-6.111244424619494;2.6272540276233958
-6.693704131379031;1.7704338370715416
-4.6949852275525705;3.262258148504863
-3.684946872702166;1.8647709045929326
-2.498899760288703;4.254969581874414
-5.059171450983296;2.5783122076249803
-3.9678238544284223;4.0839721243512574
-2.8040375455364877;2.20426232004771
-2.7597587985762493;3.1248652548462252
-2.0771721329784056;3.591766168940646
-5.722692393014121;4.013024593755031
-3.901428090670458;3.0836605577190035
-2.5832207437379435;1.807304103350973
-1.418542270085529;3.7536164679878663
-2.392811506731562;3.0965223891014153
-3.856087938501398;2.761677313899393
-0.8271394447017162;4.035706275847853
-4.056384370979167;4.198927004685756
-2.363943691430161;1.3896953052176442
-3.199302339773988;3.2559401412364886
-2.0181445243776275;3.5346390887265615
-1.5297471681466497;3.5296844334544315
-2.638397529086629;3.0283028565829664
-0.9954613667056154;3.1051844482489805
-3.4082113801921836;3.5785381399668443
-0.8458204599464874;3.1704638450381832
-0.5976086777558454;3.71726442533939
-3.0481937206931393;3.078199795209497
-3.012691880888526;4.658250013593468
-3.187029333494136;2.6961523412423016
-1.9224539314465445;4.036955595248211
-3.385534593865649;4.1910767712975705
-3.9734654607412616;2.612152436285199
-2.372835063119332;2.5612303649652657
-2.257536180115477;2.214387259620326
-2.6920616859019386;2.6914032264763335
-1.9908028126519857;3.381439968611517
-3.027300370374336;2.3290578999214264
0.46508853010144957;0.536950711807278
-3.913213975850158;5.133053866275546
-1.9511512937469777;2.5931490360510905
