5.510248916684704;-2.78759013493371
3.413902621814885;-1.061472883776831
1.9433941869049736;-2.8287169710021227
2.9120419304047713;-2.5403940067816673
3.9966335434471065;-2.925588920078835
3.5223793088626554;-4.219224123941028
2.038754509174534;-1.087159186359901
2.5303137411925274;-1.9421927106957309
3.4888036568364225;-6.211418590177608
1.4552927733867576;-3.0213271350703392
2.8280865899539585;-1.877093961264412
3.278874350417363;-2.929460288490471
1.3168873365539653;-3.5604887054509313
4.640122183271819;-1.691360967375639
5.0067460902961525;-0.4518766460067787
1.2907951930291839;-3.8086949777550454
2.053954942989839;-4.86549807269342
1.4260290053459503;-6.538114446187654
3.9629747964824262;-3.2487774351401706
3.4112939834672114;-6.519995127928485
0.5637548499628018;-1.067950852652417
2.5430175589076924;-1.5038271103922844
1.7838664367714498;-3.9655534751330204
8.264910060861702;0.0663539520715073
5.2760538831616;-0.5590923027272963
4.6440851802302765;-7.419727624044058
3.0203780372572115;-0.3199550451594724
3.6827305702696322;-5.568773263131487
1.6772853981251186;0.8092740613808767
3.5829229336944097;0.27980696068388866
2.5327213079537247;-4.866553575889927
6.4726085520901;-4.82107107442356
5.937699430826592;-4.645598361523124
1.0217140045778057;-3.4207634156429667
5.129736046606405;0.7708268245705483
2.61014329215682;-7.456349328715927
1.981682470312943;0.5997775290753617
1.3616535466829;0.7564906832518865
2.4786521055516526;-1.4559905369492327
3.936773541223632;-3.799147232721134
3.1636597985483084;-4.214412877912027
2.3912555931161816;-2.647913840318309
1.566041700478285;0.4908956782606184
3.8484885280776253;-7.011297489243339
0.8555776099620949;-5.88902697460519
1.8896957511531023;-1.5527313949671553
1.8385261027409594;-3.5798549752378817
1.9258993973032181;-7.19573881709806
2.7781049945598024;-5.003149042628687
3.6148069629976782;-2.6202740285469304
2.866426340348329;-4.327636352483518
2.216179808685789;-5.056691788095021
0.6770232726077916;-2.178358725290133
1.73914878098837;-2.7408446572075396
2.738631721924223;-5.657628789104018
6.397324265323989;-3.280267133789911
5.11010507586535;-0.8848625875849718
2.937591769336724;-6.043629815534576
3.224087082902575;-1.520294613258502
0.12146480473061372;-1.0089597906546561
3.1560695754692625;-6.649764168768816
5.256766631287325;-4.1943332108954365
0.6723705210575135;-1.6092485323836696
2.867920125546043;-3.567121663566367
5.517854668051558;-2.2312991519273693
2.1689386978483336;-3.7112386682393175
3.5444760920621796;2.0269261785172255
4.028281832330778;-1.8753253969992132
4.1962750147001255;-2.8683034639170213
2.249511295498186;-1.1224705536037494
4.271818005426962;-5.263726584892526
2.9990809588966885;-0.6977996271211966
1.1084241047955976;-5.945763609010068
4.830058891103858;-1.286749381118859
3.495145402898191;-5.17249187780617
4.439917751284111;-2.7589204747949676
1.5797714409923227;-0.31850416889808963
3.5098205393039263;-3.2426113360866173
5.728944968010254;-4.66242593076458
6.59476674769204;-1.6914055804577481
2.489765173155894;0.32820023183287717
1.5496632705154245;-5.0488034694264385
2.301472755616111;-6.835699907008128
3.421356088932005;-5.740216340600499
2.892566075547978;0.08158288206247555
2.8073579691319623;-0.33487282415087627
2.0833458594423098;-4.785974660876629
3.8067336929454516;1.8516991149361246
1.5748344643381844;-4.007755819363722
3.409600616702165;-4.55795593874415
2.385878949021082;-1.3005879561468712
4.785023341038301;-3.225073209549665
1.1920301613725846;1.8815911927848754
3.589416601773401;-3.133615639771808
2.6472258010619596;-1.6764557017513178
2.8183254013656343;-4.240936430125867
-0.026940016140621914;-2.750276248193259
1.6101057228254452;-3.371309173783965
3.626711418892217;-3.2698501509542144
2.99148509207962;-4.96866039360368
3.0725414555462347;1.9008963016282374
4.861053292313773;-4.000745768827844
0.9360528549096823;-3.919408007445597
0.8618349416548465;-4.876838776217343
0.15456099404123247;-0.9773895488192585
2.3095609901593352;-5.393252586630318
3.516864038996006;0.007688642482436059
4.457860023072221;-6.639822746246294
4.067358343520075;-2.193842371879914
4.4496464536051015;-7.962480588218313
2.238874433583981;-3.549069772887121
3.1940518554508226;-1.4690841149982392
1.9076959854618465;-3.351102489815434
3.5477397069526804;-4.167321689368668
2.1863114546509674;-1.9998629413993427
3.1712194803315135;-3.2886064186864887
2.2058678885248333;-3.9013826626003922
3.2206562572666595;-2.0299305148992612
1.8557713226914154;-1.0358643741088118
5.756899440677121;-0.6858011925736256
2.8934619195922795;-5.389250479083628
4.070166243174457;-5.852821490301823
3.3111244546072145;-7.565673532811435
2.716435799699597;-6.9731756704007
3.477778592128954;-4.992588825353227
5.038325360734804;0.6017302401618738
1.449356187841917;-0.05876278864925366
2.013987094462631;-6.923127974808048
1.860399901687374;-2.418961683306278
3.1155451187741563;-2.925159211975946
2.7215274606014934;-2.174922998419311
3.7511917104772614;-5.007678585876839
3.774843986363977;-4.619652945702441
4.144026765882069;-0.4355087525943562
4.40196283232391;-4.2497827139486315
2.4333692202112225;-0.24620682702635932
2.3431392169081846;-2.194447822462456
1.628099615223584;-6.488275633360846
4.908585909308362;-1.2822071774407842
0.17258773577334008;-1.4901273986616468
2.576472433754694;-6.091932485630025
1.3277468405639767;-4.074426669390855
2.299743125498426;2.4879490794218713
4.50297661879608;-3.927076089849395
3.830380104830653;-3.504383461219515
2.3849918000243053;-1.5970597187929754
4.385898726853582;-2.663559578841829
2.7595535861142166;-6.599935498159255
2.149399672247251;-3.5761453334245066
5.0619805622988885;0.4779728322952037
1.6264883179948513;-3.605697770997129
3.361348861888291;-4.364963480336319
2.4152886781719713;-3.9952935179841367
3.4661515570133874;-5.800741219922287
1.2417592260275718;-3.8109035747714923
2.9062474187602945;-4.421251095932478
5.072274557436279;-3.9794497723191293
3.3534581228112166;-4.999860314581524
3.1989233942476156;-4.580454363407457
0.9270362063178412;-5.1246199825169185
1.5191237984983508;-3.5030031977783294
1.8972433162133826;-5.847765542756995
3.624027189190087;-3.044699030293635
2.0349606599072043;-1.0281163519626557
0.15656749433717554;-5.384447724326848
3.720756650470791;-0.6907374259018493
1.7227692393044194;-5.300812418477003
2.414042740883873;-3.1378613295146365
1.6740043048576974;1.5487934226404434
3.0887714165251694;-4.576595246836184
4.341652106768743;-3.716426455227474
2.8986318656965753;-2.6982986805519094
1.8566683084634035;-0.996000917967081
1.2490783622912978;-6.330525903546595
2.2334574342706484;-4.06827767859693
1.6835650193472367;-2.2065699136859998
3.910334940843249;-3.187672073234562
1.5145595629384005;-4.032210196469152
3.5628576540799366;-4.662154579971521
4.404631327465148;-2.2150825313031794
-0.5749270183427866;-2.4763641459887635
2.247560646289521;-1.0744105650708629
4.411271593560323;-1.5620068585168805
4.011976441028707;-6.3650655774010145
3.8937419785397926;-5.861853931868502
4.433190389664866;0.36905324492257163
2.6324940714808656;-6.932884399560479
3.661378903366098;0.3745388349974563
3.8244903386052114;-2.9020287622889005
3.645410376844593;-3.598559645184198
3.225112797734781;-4.825488354741633
0.9293082718411894;1.098264534681948
1.7732951176426452;-5.858118787209529
2.9507125128536322;-0.6116819169322283
4.475648873062552;0.5633155112832657
3.161290824917005;-1.3157828883575948
4.0143329595270885;-1.0343240109721068
2.8833410877990255;-0.6800033150447695
3.317376915963294;-4.4059018834909836
1.2387259254290153;-2.8459911200685197
4.154757563339369;-2.9326510027861303
2.1889364562648645;-3.9753800176876837
5.050549590990508;-5.449121334040436
1.374319370162658;-1.76313534843569
2.4395868891583254;-6.080399121994752
3.5775612521791325;-1.951518884618319
3.289365952598838;-1.028288715475607
2.533780846978488;-3.4072712363821873
3.23310298661525;-7.029207815603867
1.5967641925121385;-3.321171610082172
2.049715284505094;-1.122635350141476
1.5399581322190259;-2.401642034209136
4.412144209362387;-2.973540306883861
4.382850304880547;-4.517880212986732
3.7732953923910895;-0.7294235930176161
1.6565783737355335;-6.17946840090382
0.7325041704980588;-3.753823109884464
2.9564791266911827;-1.07189969371838
1.622552352331058;-3.003479191532741
3.507098554618444;-2.3898700004678295
2.6523909458126593;-3.398800837649428
4.203165428945738;-3.8175791788179936
2.2139966335633834;-0.5848477778829917
3.3378623145636244;-0.2504091973045912
3.671922652142581;-0.5147517151576047
5.67526164623932;-6.858743070565932
4.069656935545453;-2.076487287338789
3.2265839512202676;-5.2641943669012825
1.9002661560524825;1.0062749977888599
1.2057574873872505;-2.7448857931430686
2.67400924718505;-0.8269489393398439
2.3167481240771246;-3.4306523816643417
2.998010493875541;-2.8644776158276057
4.966425712918972;-1.8696007567177193
-1.3116701926726444;-3.937145358818517
2.7905097429326022;-4.168380020173958
2.2535258020138142;-2.8997219526803897
4.8981570931881215;-4.735138941728888
3.0262187605319486;-1.0159066563113766
1.5147529585093502;-5.389675039958828
5.4165782941600185;-2.912966752077489
1.4247151794159745;-2.7390202838583204
4.427120938410849;-3.7095821410380974
0.8720144592578336;-2.8436049947063897
0.7439101217928217;-4.094978207770359
5.222287132302357;-1.0314833625082396
5.358429941267492;-2.417932379874043
3.712613573717936;-7.989110527754978
3.138324657139733;-5.328744216232961
1.2971213355627538;-0.5490126776236872
3.164193419333174;-2.8658761618527473
1.5658322854845965;-3.969669692154535
5.270287446521541;-5.701297538395274
4.563982887467705;-0.9543868491836931
2.534653059749027;-3.6459924251013276
1.6575357805930755;1.065535370172384
2.26918983016117;-1.671825065828999
2.8608130683788167;-3.0966055829749135
4.103181277215448;-6.490874666917722
0.7089419883252139;-2.9024044209293227
2.6712523181829306;-5.153211535061059
1.1279480941337554;1.3561292059990517
1.6180865257167372;-0.6289368267731494
3.2547902280043317;-2.9895089460776503
6.290970173363247;-1.45095060828739
2.3538568662197106;-3.0484357787911365
2.707931308108561;-0.25609775415300007
3.2387288764601356;-2.1352336481782292
0.986169140075495;-3.4261884451606455
4.5041351591821694;-1.0817458728589546
4.063426384521719;-4.113274788316206
5.090415601167534;-4.138326697789804
2.615789134901562;-0.5236039691357708
3.1115428452464657;-6.970971364150069
0.7852720113217582;-1.306262665776255
2.599799519557165;-1.0891759528200673
4.822266101381636;-3.652930100032958
1.39559778522295;-3.8769170836056888
3.452320137013572;-1.5144479227988656
2.933651388468965;-4.05258686742169
0.16415014356632396;-2.3474495343492037
1.7365515572478054;-3.7309793787147245
-0.00573671974782064;1.2818626640946373
3.3351322537259565;-1.409044927413397
2.3021676216903524;-2.869563289210412
2.4563886029102138;-1.8578163086607704
1.1595710380439241;-2.0121377411721904
1.0089436606958022;-0.2808266378492581
2.220706046389586;-3.456177506465818
6.088224131008791;-4.078819729995372
0.8069274764138421;-6.430431627146595
6.259276631466148;-5.917378565823813
1.7955203655859655;-2.4932830025217156
2.7874431434642952;-0.022602588685159297
2.0331623594863073;-5.59969244825694
2.168405701773277;-4.011568474526289
1.853168154290357;-3.442006049539641
4.582228958937838;-2.1437294824071333
1.9796959766853972;-2.79134182742972
2.906831866087241;-4.171342716788857
4.073950576673716;-1.9596244420995155
1.7948549413414403;-1.0794977042173013
4.747265603068456;-4.83532628605016
1.608602222895223;-5.508725397689464
2.826169672263527;-5.683523843743874
0.8335231877563158;-3.8674479455918926
2.9080596034798902;-3.094462344619912
6.601909165661903;-1.4559435455218441
5.9361433355570306;-2.428363607668487
4.1579782765369355;-2.254698700356902
1.2893529883863295;-1.9382124880511213
1.7780037714858212;-0.2282079389815328
3.1859446772723112;-4.310095696155868
2.763680026474723;-5.8206058982661215
3.769774484696221;-1.6980481557525253
1.9468805616887899;-1.1784214172306375
3.7665521016514343;-3.4472372882585587
0.7468031008206344;-2.075837411135592
4.758383620017789;-2.542231425894352
0.8699783091966555;-3.019589316543066
1.8602927631897608;0.18583433206316613
-0.7080662543964653;-4.719614894755528
5.28973780967779;-6.052506328011889
4.150875109379807;-3.398890045673565
3.6425168510559733;-5.598022014978808
2.770051077867596;-6.3167840554579175
3.2999973755319063;-2.4133791572072596
1.6149590200681183;-6.214603867499573
5.437690339641216;-5.937636018159798
0.8141986420152545;-3.0336320444270193
4.845233894340891;-3.591578669043371
4.813210588377132;-5.649258682607808
2.3884713992715634;3.753942480130302
2.4482806546211364;-2.067024196459117
6.36514988543643;-4.804506478863428
0.6744491364445118;-3.7737520807401235
1.1794730907668804;-3.102825079367877
1.4197197848641563;-4.215947834404613
4.322958531673968;-1.6892862971224663
0.7828477394764768;-1.8682010410120498
2.924628116468554;-2.5596162949654744
1.9637841198666985;-5.359455546077024
2.103630933281067;-6.639175836033821
5.0422145965485266;-0.5175010101119457
2.0784697903210123;-4.0302539499039485
2.922465546794131;-3.9403041147438014
3.5789273085800155;-1.7896009520490244
3.6891142788896865;-3.218155398387395
1.498554802967483;-3.5044147164495953
0.7617965682003303;-1.972134283103853
2.245910785518781;-3.248401501053776
4.031806625405867;-4.3460580177289625
1.573890802307592;-3.9648390145219254
4.559645058661926;-1.8827976934599506
2.4900186927693206;-3.664959479641162
3.497031270657809;1.202707548302973
1.130920686546125;-1.5823419949012403
3.443179813997989;-0.5245236979768855
2.8076643436526645;-6.7572438394728405
0.3935955757486145;-2.017404138359116
2.779509562391372;-1.7667003565188757
1.3224000388469406;-2.495407451880418
2.9636202156275924;-0.20663439684387575
5.009059620155389;-2.7662050437313
3.0888219559780925;-2.165936128416248
5.301053762311508;-1.711803218309879
1.224884363292149;-5.400266687794728
0.31461963426280537;-0.4867199516418501
3.4340073913347826;-3.427743691909044
5.262079000773499;-5.702319232830202
0.8452349261272296;-5.602660133088175
3.651566111464118;-1.5683182017487791
4.136338192252038;1.023114305043566
3.4934153385633326;-5.125237089991453
2.149856884528659;-3.2434544599646062
2.6054620548964538;-0.43896650085391364
-1.0417879948899014;-2.5684478180784653
5.33956032681897;-5.5695938146709345
4.907452929000041;-5.215343094432215
2.4304848366135148;-6.648753601777842
1.8621082297533047;-3.814872387444583
4.1460282931263555;-5.716822443128592
1.9906968222204535;-7.133902118490222
4.008301706180553;-2.2439888890036706
3.152671322024861;-3.0466638138196487
2.8693413095920626;0.913259011247276
4.128210459419775;-2.9751195929956573
0.876966345159889;-0.10382141092031238
4.455458033597545;0.4899148530711779
2.871058869501453;-0.21837571537887168
6.2956384843395625;-4.28413347460646
3.7751023981856386;-0.10287881331770432
3.3852844852798203;-2.962900033305128
1.1373311773840675;-5.067024404335991
7.01989950990822;-3.6855329026172763
-0.576920516042144;-1.1479090409713442
2.704759052064275;-6.791701831655237
3.0973935805942205;-5.982457057435607
3.5287490836114825;-3.6246574620377836
3.925236497377422;-3.5696688608548004
2.6150747131317242;-5.855079933108767
-0.9129356980720504;-2.5045821380630646
5.775866094487828;-3.504034312494496
5.178513069288;-5.852326476737746
3.1799291851981586;-1.4375582552067776
3.303496924189618;-0.3210203259730635
0.34492525746342695;-6.235663722403319
3.9560425521148583;-4.969650012706712
2.488361215674381;-1.9363883303797353
5.662718531719573;-1.7212717451849546
3.996290186069185;-5.697696821547186
3.124476459265936;-0.2071060796920059
2.135506155095524;-5.600489761915066
4.833686570666475;1.7446090269293988
4.581146701120051;-1.810990348147563
3.1861610902021287;-3.356234213072982
2.1028913296083696;-3.3666446937038943
3.6208358993767917;-2.451980682885635
2.585002861219593;-2.1181301272430946
2.638510206508489;-2.3631561121498805
1.88868386800854;-2.7453925919641793
3.677073614983039;-0.3318119579957619
4.344921478856807;-4.211615231227368
0.09631379395851969;-2.7971824683141984
1.984769150803001;-5.872999145345244
3.8957752039051594;-1.1570579892956074
2.597704805401819;0.9013445390778787
0.6173204971000295;-2.369662759201067
3.5276162800090365;-4.846841181496919
2.5515702398158133;-4.158400980206662
4.138413821030106;-8.302604070831308
1.5079013336136966;0.761411033427291
4.106641773632288;-8.345632977432167
2.8360796298895687;-3.852211273079865
4.777644968035423;-2.9071987007531725
2.561208658805091;-3.4318684239311588
3.9248129922729973;-4.274732217179399
3.2031877759361267;-2.5961576666803627
3.442111373702216;-2.910883584371261
4.29988850861122;-7.101159034988371
3.7053484860746146;-3.64501005638148
2.220737878689869;-3.555259527927963
3.5427833512448696;-4.094483464186722
2.4199675700749514;-5.033622148016751
0.8825251942631773;-3.928669279310346
2.7363759821417974;-6.045203081809744
3.5542100240107084;0.7625004018693935
5.135313896697799;-6.46076095041297
3.853648270759223;-5.521069341358606
3.4472622467696032;-3.147713497978976
0.8922787656096389;-2.736715659256047
1.2460781803756706;0.5588804300634229
5.137619170870556;0.306347401024174
3.4070902553303988;-6.322526999544632
2.7541584128113445;-5.18366445546568
0.8800311055990173;-3.302625390898416
2.7396113416080374;-2.961735005998905
3.3604577918918332;-5.3897572477836535
4.6165505987717275;-4.859592855460438
3.5344312778696247;-5.616904839264185
5.010175321587548;-3.9627809851498044
2.2354584750704634;-2.841633385370087
2.6359864078153477;0.22031461658090112
2.4853898177565585;1.3304875289068336
3.001265525167382;-3.637154626063136
0.9927385004040779;-4.1934628624308425
0.36347905409832393;-4.518430609593835
0.0639760500397566;-3.8604701488410997
2.832062805423181;-2.533343662123366
4.149075128090146;-2.428385487933161
3.489567007014644;-4.274171137686684
3.617083150531086;-0.8655969874526255
3.792284928244838;-1.0230768420416458
4.494968147649606;-1.159230432891846
1.753932780065215;-4.30016307847624
3.4234425722213624;-5.900951693779662
4.562340661754388;-0.5575513221670025
0.6888732686853194;-0.05981375234326736
1.7422484631758146;-0.67742020950821
1.160881881791822;-5.443539727430163
2.030980543566538;-3.0259193522484793
3.2464040029915835;-0.4564516953313449
3.0063346323479876;-2.751964589720256
3.5787844707817134;-3.8479885368245466
0.9368788389635752;-0.812123496318081
2.978854455145102;-2.357783133687462
5.637967423738991;-4.731506643637378
4.227856084439425;-1.4562841622104694
3.900309172025273;-3.2220424384426707
5.617988655391294;-4.422072083114468
5.30759922439068;-3.5784879706168886
-0.5702624075328324;-2.183794836209132
1.9297006789772735;0.13511588955939802
1.724855004060583;-0.5939827858338749
2.938305937225049;-5.03630480083915
1.2416132494128622;-3.3731635177769315
2.726679286254717;-0.8323447502348054
1.6663506786085291;-3.8342030857098246
5.074455035125482;-1.6412631565980949
4.840562894962472;-3.709490301389446
